8958400 0.16902857181963166
8958401 0.2186144063574045
8958402 0.01120998
8958403 0.3839475114340333
8958404 0.13859985931648774
8958405 0.06849000000000001
8958406 0.30330631964047905
8958407 0.00596064
8958408 0.1335406080241841
8958409 0.03649048282649552
8958410 0.15200428725699994
8958411 0.06728832195859452
8958412 0.25438463583364374
8958413 0.11779126072134864
8958414 0.045760513987312235
8958415 0.13963313002005154
8958416 0.23582150893898976
8958417 0.16869812105327653
8958418 0.024321286656873414
8958419 0.029659376303505725
8958420 0.05932605174859998
8958421 0.44447963029958426
8958422 0.08711859779100903
8958423 0.12946202709823995
8958424 0
8958425 0.1586210948932327
8958426 0.19870594159866878
8958427 0.12970359969583806
8958428 0.06061459839836999
8958429 0.04104121708856699
8958430 0.04882888999999999
8958431 0.09356079329164625
8958432 0.0103024
8958433 0.2856001439268275
8958434 0.063076909904528
8958435 0.026464330950079985
8958436 0.04779225333457216
8958437 0.2977009413349991
8958438 0.00119533
8958439 0.13006972579997156
8958440 0.08831335444881358
8958441 0.04592835303050001
8958442 0.14647668799999997
8958443 0
8958444 0
8958445 0
8958446 0.1071168126931536
8958447 0.1006973898720243
8958448 0.07424870373744033
8958449 0.025184000000000026
8958450 0.030282066807599983
8958451 0.31500350515091996
8958452 0.13782264873570899
8958453 0.13776042132426813
8958454 0.8785023517494327
8958455 0
8958456 0.056770107030387824
8958457 0.01956988159288814
8958458 0.06876729349487452
8958459 0.1527819648358244
8958460 0.027733949999999997
8958461 0.32246899601291124
8958462 0.057204358390999986
8958463 0.028435333999999986
8958464 0.11308224118390034
8958465 0.2632156766299998
8958466 0.002015
8958467 0.2311491730918601
8958468 0.1006397114000001
8958469 0.3416816810301717
8958470 0.13153270069820033
8958471 0.06929303999999999
8958472 0.00021
8958473 0.10878453670000039
8958474 0.18846021460953996
8958475 0.0473585296102
8958476 0.08761769960000039
8958477 0.14261347093354107
8958478 0.04003769804170001
8958479 0.07080479103280014
8958480 0.17153589682800002
8958481 0.3361175517768149
8958482 0.0902851087028816
8958483 0.056621908212059854
8958484 0.13485624042135022
8958485 0.09698873179528031
8958486 0.05517657000000001
8958487 0.32202354879275974
8958488 0.1098265948691
8958489 0.07316025958151728
8958490 0
8958491 0.06502268946890805
8958492 0
8958493 0.26802639601142697
8958494 0.44295335995694196
8958495 0.043597040000000004
8958496 0.025356019999999996
8958497 0.3127535253835001
8958498 0
8958499 0.1930764562
8958500 0.1748790244939994
8958501 0.1641950429416737
8958502 0.03946636794220001
8958503 0.0508056804718
8958504 0.2727190825882799
8958505 0.00321475
8958506 0.15815814282
8958507 0.05753256995299998
8958508 0.00255
8958509 0
8958510 0.19656152155891396
8958511 0.052433492913564986
8958512 0.2806428124350162
8958513 0.44006038802302616
8958514 0.09075952984234695
8958515 0.07786962562000027
8958516 0.48798185746818074
8958517 0.20094363784999936
8958518 0.24624550492781272
8958519 0.02495230000007436
8958520 0.025983756861000004
8958521 0.04709555006756568
8958522 0.059877288827677524
8958523 0.33713282152789303
8958524 0.22534173228976126
8958525 0.1726111855280956
8958526 0.02549575580148259
8958527 0.11664815999999997
8958528 0.05882180218375978
8958529 0.11036855908250001
8958530 0.0058577542
8958531 0.14270139034269866
8958532 0.10915332168999999
8958533 0.28217685604862713
8958534 0
8958535 0.06388014028015006
8958536 0.14731789060060282
8958537 0.04013500093200002
8958538 0.042182691041987436
8958539 0.1829212468107649
8958540 0.04824196475200002
8958541 0.092700151268837
8958542 0.632593359800601
8958543 0.06620848
8958544 0.06131447676154892
8958545 0.28124634786037184
8958546 0.13730232436929907
8958547 0.07289896209999995
8958548 0.20952560630277972
8958549 0.123618539
8958550 0.15969698269611998
8958551 0.00287353
8958552 0.3368480394449996
8958553 0.11383284725178953
8958554 0.014411680000000001
8958555 0.11026360216529388
8958556 0.275302428574971
8958557 0.01830872
8958558 0.0977665871937309
8958559 0.27643077929999976
8958560 0.14506769349442464
8958561 0.07331247999999999
8958562 0.07632170655465592
8958563 0.04289886330010502
8958564 0.12919839860237214
8958565 0.10414083532494141
8958566 0.12626643938359094
8958567 0.00870621
8958568 0.06534307468322002
8958569 0.1510010890703382
8958570 0.15391800802747274
8958571 0
8958572 0.29715403079224423
8958573 0.06440329930243498
8958574 0.042074480000000004
8958575 0.09670283999999996
8958576 0.41955670816144286
8958577 0.07044290861905987
8958578 0.18084026141174447
8958579 0.02496675500010329
8958580 0.005356184999999999
8958581 0.0031884599999999997
8958582 0.06575330083079049
8958583 0.06015396030000004
8958584 0.18539693164823792
8958585 0.03804845816029729
8958586 0.06355593898000002
8958587 0.2760185140794885
8958588 0.08866720992858974
8958589 0.05311504510015835
8958590 0.021908233200074363
8958591 0.18327665739449353
8958592 0.026066003500000004
8958593 0.039215584000000005
8958594 0.04506607761874972
8958595 0.37833191121615123
8958596 0.13407024
8958597 0.1287738178884025
8958598 0.16317282617664985
8958599 0.17977078390000067
8958600 0
8958601 0.46405990465992253
8958602 0.04925912047600001
8958603 0.2849315282200001
8958604 0.1610168736079056
8958605 0.2973208729902548
8958606 0.10698273148085004
8958607 0.08144449413890005
8958608 0.12219467569491609
8958609 0.09627470854951198
8958610 0.39872007769289985
8958611 0.059900296000000006
8958612 0.2430915914199681
8958613 0.06746387259879998
8958614 0.16096789697265498
8958615 0.21304544930723768
8958616 0.17842663220000002
8958617 0.03417581776019613
8958618 0.07501394374940004
8958619 0.12265450149887493
8958620 0.0475501448394
8958621 0
8958622 0.16108267561147982
8958623 0.32109610267223254
8958624 0.11731163355000003
8958625 0.041236301909513974
8958626 0.030457931024900006
8958627 0.04751017619879997
8958628 0.01017469420636
8958629 0.1210129515594
8958630 0.2125022726512089
8958631 0.3206653430803341
8958632 0.0375534776428
8958633 0.7382869945540893
8958634 0.060080052147599976
8958635 0.31033367210270724
8958636 0.08609079444406394
8958637 0.14485922299875112
8958638 0.04149542854939999
8958639 0
8958640 0.39692359632431296
8958641 0.319563631815355
8958642 0.07935607106527459
8958643 0.3297244547911487
8958644 0.06977714958899489
8958645 0.3145026575193788
8958646 0.26481135667649985
8958647 0.06463299637528601
8958648 0.06291678747035953
8958649 0.020349727900000003
8958650 0.0712034015207475
8958651 0.08430567055699968
8958652 0.055271707164023014
8958653 0.02229354
8958654 0.3821224841616935
8958655 0
8958656 0.005382156
8958657 0.04003802050000001
8958658 0.09367589428139504
8958659 0.05646962999999999
8958660 0.005242772
8958661 0.606849309
8958662 0.026499996706999998
8958663 0.06847728407935798
8958664 0.2971145812512208
8958665 0.118760436435
8958666 0.13785741393627698
8958667 0.15884282140000006
8958668 0.15839216624301886
8958669 0.36452038709038775
8958670 0.20495039009880014
8958671 0.2578818280771147
8958672 0.07682248080000023
8958673 0.08311863800000001
8958674 0.2913439350238852
8958675 0.18883232000000014
8958676 0.2050833410151261
8958677 0.13685060241024619
8958678 0.03330582800000001
8958679 0.04531489799999993
8958680 0.291310586318763
8958681 0
8958682 0.11059672886044399
8958683 0
8958684 0.05512369057502202
8958685 0.2618490914419999
8958686 0.2717355239197549
8958687 0
8958688 0.11262374944685892
8958689 0.24356254992850018
8958690 0.24267808702099974
8958691 0.020469525407588996
8958692 0.0583736790069999
8958693 0.13004384159323204
8958694 0.20678550830700027
8958695 0.16916039760759974
8958696 0.19623086396955122
8958697 0.06992365721301405
8958698 0.06639257836836991
8958699 0.04710475800000001
8958700 0.05940100107389995
8958701 0.025104741999999985
8958702 0.14836089365910018
8958703 0.08471041690059698
8958704 0.06880690583190213
8958705 0.035056005486523996
8958706 0.2444357447193283
8958707 0.17426460930888163
8958708 0.14270816949999993
8958709 0.06549783142000004
8958710 0.07160653600000018
8958711 0.2990615020181844
8958712 0.04688927939029999
8958713 0.047808581540773984
8958714 0.43449985459774704
8958715 0.0581355371146
8958716 0.13097144716000025
8958717 0.3432536561068252
8958718 0.5729034899999995
8958719 0.23959997118310009
8958720 0.06715908639999998
8958721 0.03769998
8958722 0.599681316552992
8958723 0.650360004105999
8958724 0.36020446269999995
8958725 0.17289139799880013
8958726 0.8098016331711563
8958727 0.03006003237855801
8958728 0.5276101517755575
8958729 0.13852885150562422
8958730 0.4135726196999992
8958731 0.22516661823148607
8958732 0.13677870000000006
8958733 0.1130728116934248
8958734 0.558709217956444
8958735 0.28144836075773016
8958736 0
8958737 0.2447477053163999
8958738 0.11382729368750008
8958739 0.1789520870974309
8958740 0.20833609489452304
8958741 0.044054539999999996
8958742 0.1350268546702001
8958743 0.19198983690965846
8958744 0.026504050000000005
8958745 0.3716198407528992
8958746 0.030408685777388
8958747 0.2757597345738386
8958748 0.23031729922937197
8958749 0.05462434
8958750 0.07259580688918897
8958751 0.27544829014650024
8958752 0.05444515399999996
8958753 0.16878360331671696
8958754 0
8958755 0.06988767740000043
8958756 0.166244604865046
8958757 0.03590491440378001
8958758 0.23979071498019622
8958759 0.04306724059999991
8958760 0.08070405899594099
8958761 0.021587201000000056
8958762 0.048885611297770165
8958763 0.037836018900000004
8958764 0.07282297012000001
8958765 0.29144250012220035
8958766 0.00325262
8958767 0.030015787622277003
8958768 0.33757798383675014
8958769 0.23656968466418835
8958770 0.07586684999999999
8958771 0.7021846811676157
8958772 0.1438317443919575
8958773 0.05052313064366006
8958774 0.1364739093758573
8958775 0.05849095565959997
8958776 0.39959271771399885
8958777 0.06558644417965001
8958778 0.017548653469999943
8958779 0.07269544670737088
8958780 0.5886509203412005
8958781 0.07211563587921337
8958782 0.23012485605477537
8958783 0.01544481
8958784 0.371613899435318
8958785 0.0536812811765
8958786 0.08876012154510483
8958787 0.08892301250002108
8958788 0
8958789 0
8958790 0.2985969670000002
8958791 0.14123791282342166
8958792 0.26362493095947453
8958793 0.00493398
8958794 0.24927788888604174
8958795 0.16232425940802714
8958796 0.039103108207907335
8958797 0.07335539829200001
8958798 0
8958799 0.07963681470803831
8958800 0.06713529320000002
8958801 0.04512440679129972
8958802 0.07185495105005699
8958803 0.10296856150658422
8958804 0.29071296024378224
8958805 0
8958806 0.07217483999999999
8958807 0.08602798665415569
8958808 0
8958809 0.2172539668376151
8958810 0.14924169016940605
8958811 0.037013709999999984
8958812 0.050913214364997385
8958813 0.07514160696399996
8958814 0.09362081119050002
8958815 0.09368138634266587
8958816 0.2374806367866942
8958817 0.15059227444981235
8958818 0
8958819 0.14964270382756695
8958820 0.13580249300406708
8958821 0.1033046299780512
8958822 0.18564166900000004
8958823 0.18623752477480174
8958824 0
8958825 0.21498094291103648
8958826 0.00381
8958827 0.3761027208869075
8958828 0.17044392994287635
8958829 0.02373008
8958830 0.01734548
8958831 0.4996980804971526
8958832 0.17128646843765885
8958833 0.3260721919080003
8958834 0.07422360249840293
8958835 0.06342060549879998
8958836 0.12715583524531565
8958837 0.09626585801803435
8958838 0.02722
8958839 0.09954360370043978
8958840 0.12640420238440023
8958841 0.2364927190059
8958842 0.028859226740000087
8958843 0.10134294405000004
8958844 0.014471842
8958845 0.23902818418852304
8958846 0.03621751810000001
8958847 0.15737995018589981
8958848 0.066189162
8958849 0.22290778449971962
8958850 0.48111176889308643
8958851 0.0779709005
8958852 0.15336217632170307
8958853 0.015216781
8958854 0.029073750833465008
8958855 0.20234921536000003
8958856 0
8958857 0.10390021761879999
8958858 0.08434792280000002
8958859 0.09519639230004999
8958860 0.09012648655357598
8958861 0.15146920267061834
8958862 0.01016567
8958863 0.07814240300011999
8958864 0.05678241769400001
8958865 0.2618300175818
8958866 0.09306334744919999
8958867 0.32948695373701276
8958868 0.12190705505
8958869 0.10503781949918442
8958870 0.23124415852642505
8958871 0.3302321354499998
8958872 0.27327326666522067
8958873 0.5080231723029366
8958874 0.14274919001169023
8958875 0.07510393611867795
8958876 0.07778048566279679
8958877 0.16145494852
8958878 0.08559827166938266
8958879 0.15712667796321034
8958880 0.08609862228479999
8958881 0.042312374
8958882 0.08194911217056529
8958883 0.010120330937500002
8958884 0.032073019999999994
8958885 0.06570774169229994
8958886 0.2846128353845062
8958887 0.23257428620180387
8958888 0.12389432894447942
8958889 0.40146996582119415
8958890 0.3320645339287204
8958891 0.035079471176499996
8958892 0.10466577799999997
8958893 0.18971602954167802
8958894 0.49401905431980053
8958895 0.12402919961940796
8958896 0.03351793244000001
8958897 0.21744527382881026
8958898 0.043318736999999975
8958899 0.591644953237704
8958900 0.2693329410000003
8958901 0.32361433079762375
8958902 0.007992996
8958903 0
8958904 0.07787605571516969
8958905 0.4461586406645385
8958906 0.2769888960229944
8958907 0.28202391524976017
8958908 0.4781500064748602
8958909 0.19253446391260842
8958910 0.03211750468
8958911 0.16570679860987741
8958912 0.026714864199999994
8958913 0.131465648
8958914 0.09145946024896479
8958915 0.05792666694969999
8958916 0.019443438
8958917 0.03803230749999999
8958918 0.00748079
8958919 0.18058653672700034
8958920 0.0834522721510054
8958921 0.2468092279193398
8958922 0.13284392122662902
8958923 0
8958924 0.01718984
8958925 0.14816168012589997
8958926 0.038973100006999994
8958927 0.08771202295466558
8958928 0.01013438
8958929 0.04584464330213063
8958930 0.22128708500634725
8958931 0.044347146399999995
8958932 0.32209405209879993
8958933 0.044369551027
8958934 0.00895
8958935 0.059124761100000006
8958936 0.17566035729200002
8958937 0.15138995524792015
8958938 0.10826283150007505
8958939 0.15082975000000004
8958940 0.00323423
8958941 0.1877554128615753
8958942 0.06838472434840011
8958943 0.19010828109226996
8958944 0.08736122800000043
8958945 0.05823671440198484
8958946 0.2452986319055
8958947 0.21676289556059072
8958948 0.08141670647094452
8958949 0.04578953760081998
8958950 0.0760597277300002
8958951 0.046309334499999986
8958952 0.08110073200000041
8958953 0.03562026928000004
8958954 0.019944259999999995
8958955 0.005313000007
8958956 0.21539524761000003
8958957 0.3613430456599953
8958958 0.2434755000200001
8958959 0.08291417818350001
8958960 0.3171525032767606
8958961 0.5216582070853839
8958962 0.18979314479063164
8958963 0.037188059999999995
8958964 0.5214849743547803
8958965 0.03764515
8958966 0.1702746920578591
8958967 0.15032984191753807
8958968 0.32108181202845987
8958969 0.17877983359996003
8958970 0.030254492375313132
8958971 0.16434477714992274
8958972 0.11009618531
8958973 0.521544035688445
8958974 0.023743979999999998
8958975 0.12581669683000002
8958976 0
8958977 0.14431840198589424
8958978 0.08049072000000003
8958979 0.08231950999999998
8958980 0.8177159060796072
8958981 0.2444336542903977
8958982 0.3238165176090748
8958983 0.14567753829079963
8958984 0.27193305620770414
8958985 0.03798398
8958986 0.17684934183717566
8958987 0
8958988 0.1687715245282266
8958989 0.06333798645488212
8958990 0.1665493223350211
8958991 0.08680420201445013
8958992 0.028122150020259994
8958993 0.2711411617335402
8958994 0.032974378769814995
8958995 0.028102570366699983
8958996 0.22547513709985245
8958997 0.3451310398805559
8958998 0.13347220519999997
8958999 0.34347556080334707
8959000 0.11438932720652666
8959001 0.1280299005520003
8959002 0.04261895767439998
8959003 0.04169719056652225
8959004 0.10367478466226442
8959005 0.8051208855768125
8959006 0.07660873814446525
8959007 0.10585235322645027
8959008 0.044821676299999995
8959009 0.31868690277596023
8959010 0.1987022741834737
8959011 0.07024084988000014
8959012 0.15945480633620027
8959013 0.0024224847063549996
8959014 0.13093602110000033
8959015 0.05436511999999999
8959016 0.22067232900700012
8959017 0.006605
8959018 0.30665868274101354
8959019 0.3557545144742588
8959020 0.18817478820822092
8959021 0.17901903713090508
8959022 0.21422109236315776
8959023 0.3055600614770204
8959024 0.02596984399999998
8959025 0.09539426600000046
8959026 0.36633268498800015
8959027 0.13332833200000044
8959028 0.1094076970715804
8959029 0.474766535
8959030 0.04653
8959031 0.3218247087092502
8959032 0.06940035880000017
8959033 0.11435090000000024
8959034 0.29884241097142417
8959035 0.07616986443000032
8959036 0.2677687630070728
8959037 0.4530401151623494
8959038 0.6072224143292856
8959039 0.0144
8959040 0.5264262928984362
8959041 0.091794581
8959042 0.49514201819651016
8959043 0.06403892099629964
8959044 0.08046550054330023
8959045 0.076130936
8959046 0.09732286970635501
8959047 0
8959048 0.03208126841999999
8959049 0.30028389035600017
8959050 0.5144956693444553
8959051 0
8959052 0.37247905466147496
8959053 0.4082712967987926
8959054 0.17729418258670027
8959055 0.9891969095034483
8959056 0.875910316207691
8959057 0.5723301553705891
8959058 0.21604212429987643
8959059 0.13831828186300013
8959060 0.06173693568999998
8959061 0.08173478420000035
8959062 0.06498193
8959063 0.0511222973642634
8959064 0.05339240990783002
8959065 0.059249318033
8959066 0.06640153000000006
8959067 0.05775813316758599
8959068 0.39144356995544427
8959069 0.06386700599999999
8959070 0.01745417429900039
8959071 0.7245542401479756
8959072 0.3249623883852502
8959073 0.1103924006189
8959074 0.056125463783602204
8959075 0.20583779333440042
8959076 0.12261656100000003
8959077 0.19132333599999998
8959078 0.11066409867940034
8959079 0.15850137149810029
8959080 0.032873077386099986
8959081 0.09856274795897521
8959082 0.07091934
8959083 0.5070658969773305
8959084 0.08412449999999999
8959085 0.3240931779999932
8959086 0.23183299508462993
8959087 0.14120912884342343
8959088 0.09620492556600008
8959089 0.1355362848300004
8959090 0.2093123760305003
8959091 0.22446098961000033
8959092 0.22114149880613607
8959093 0.2148837007286943
8959094 0.2828319073664
8959095 0.05344962
8959096 0.24046144781140188
8959097 0.8717247099999931
8959098 0.4666659761765
8959099 0.34143234181465726
8959100 0.25960413840960034
8959101 0.11811449471002954
8959102 0.2811326377365205
8959103 0.06718160170000007
8959104 0.009130080000000002
8959105 0.1897158507103721
8959106 0.03828565699549999
8959107 0.2310528950434799
8959108 0.054323130375416244
8959109 0.05975177549999998
8959110 0
8959111 0.27637574240420004
8959112 0
8959113 0
8959114 0.3026343542298435
8959115 0.35644655193898345
8959116 0.10781984157302091
8959117 0.23041256000255
8959118 0.29719147711850225
8959119 0.02657582
8959120 0.028615012469499983
8959121 0.06603491999999998
8959122 0.07500579043391024
8959123 0.033708360007
8959124 0.06622807484996006
8959125 0.06268499139036
8959126 0.15735993068896528
8959127 0.051021425429999996
8959128 0.34216772942644197
8959129 0.38018708179449645
8959130 0.262017252797447
8959131 0.21618559450294897
8959132 0.26440809550709
8959133 0.16902555479999992
8959134 0.08712466820038425
8959135 0.07774700162227516
8959136 0.04287937129688998
8959137 0.16124187520000002
8959138 0.17851281699999993
8959139 0.056454750667496
8959140 0.42528768000000033
8959141 0.05452858938620998
8959142 0.12078881506529544
8959143 0.1483201090347923
8959144 0.22459472397650015
8959145 0.013229999999999997
8959146 0.3459862299380605
8959147 0.09058176082895593
8959148 0.069777905
8959149 0.10123963539012033
8959150 0.11310673659567445
8959151 0.03703451051208642
8959152 0.19582760602396898
8959153 0.0086704025
8959154 0.0819376652000003
8959155 0.10434258137121323
8959156 0.23681918147944972
8959157 0.14178556497031022
8959158 0.1231726726900003
8959159 0.002718
8959160 0.047075961499999985
8959161 0.032546872000000004
8959162 0.08948345060000029
8959163 0.04282779033259998
8959164 0.122910025
8959165 0.14669995486565857
8959166 0.11305624558600036
8959167 0.21178976415320003
8959168 0.06503451725380004
8959169 0.12723063004702334
8959170 0.29525629094000033
8959171 0.13119401499999991
8959172 0.09358120331000028
8959173 0.19938793185000026
8959174 0.10549436550000042
8959175 0.5434117530809003
8959176 0.36266249999999933
8959177 0.1671385142990158
8959178 0.04655283399999999
8959179 0.154926225035986
8959180 0.12173804935136041
8959181 0.05328614689999997
8959182 0.23487346710430007
8959183 0.23604146185498798
8959184 0.1344957589130603
8959185 0.4677281381140003
8959186 0.04452000837129999
8959187 0
8959188 0.052913641198799974
8959189 0.05688301579999997
8959190 0.6251818306130421
8959191 0.20489163026256405
8959192 0
8959193 0.16151768000000002
8959194 0.2492703752691509
8959195 0.19678053990996003
8959196 0.2070761648001134
8959197 0.09019399676346015
8959198 0
8959199 0.19193467575144435
8959200 0.15631330423350004
8959201 0.053825144913459994
8959202 0.10806825335500422
8959203 0.10025945686346008
8959204 0.13044006159000024
8959205 0
8959206 0.07291837410000022
8959207 0
8959208 0
8959209 0.14997612945045
8959210 0.03720254101200001
8959211 0.1983342615199999
8959212 0.1937405251411301
8959213 0.035262850863459996
8959214 0.09675469999999999
8959215 0.052798067000000004
8959216 0.07365033492820022
8959217 0.021295130000000002
8959218 0.0599959784
8959219 0.03714720181346
8959220 0.14282343173592
8959221 0.3370067659184706
8959222 0.16053684609000002
8959223 0.26204610905950027
8959224 0.03454499
8959225 0.3773855976500002
8959226 0.39513567477939227
8959227 0.3093004811765005
8959228 0.06724378070996012
8959229 0.12516645863740025
8959230 0.1071226558738033
8959231 0.16911755742644527
8959232 0.19450690030000028
8959233 0.013936039999999997
8959234 0.4136099039376678
8959235 0.028009513388879994
8959236 0.000981255
8959237 0.04147628374225999
8959238 0.5138427695943844
8959239 0.6654402300284965
8959240 0.33680975647938644
8959241 0.058799280999999974
8959242 0.2179846125000003
8959243 0.10331750099999998
8959244 0.17242176794880032
8959245 0.05826885403173299
8959246 0.15194250060000003
8959247 0.3457636121988004
8959248 0.04561614528771477
8959249 0
8959250 0.056822419
8959251 0.23851647408695675
8959252 0.07026442597650012
8959253 0.08996922500000003
8959254 0.04326299719879998
8959255 0.03152132499999998
8959256 0.24004662490000034
8959257 0.7193869856726147
8959258 0.3170924885556
8959259 0.01583517
8959260 0.015791
8959261 0.496002682514001
8959262 0.03526285
8959263 0.023
8959264 0.25193064610649024
8959265 0.17107878131149587
8959266 0.11526047969946918
8959267 0.3884945575134001
8959268 0
8959269 0.23000747831476584
8959270 0.747062568666572
8959271 0.2677197024000006
8959272 0.083100659007844
8959273 0.06507152014322026
8959274 0.21911347265
8959275 0.18556177209999997
8959276 0.041093002517759984
8959277 0.23985755882999998
8959278 0.03482624
8959279 0.25907687159979
8959280 0.052593884299999984
8959281 0
8959282 0.22547864175570007
8959283 0.24340833281593977
8959284 0.12866227814230025
8959285 0.22869663614946034
8959286 0.5973008645074935
8959287 0.599097006157626
8959288 0.19148991156082018
8959289 0.2700843205463868
8959290 0.45335623873750946
8959291 0.00454203
8959292 0.29286457043526004
8959293 0.14078554330563997
8959294 0.07251064842136029
8959295 0.0721115120000002
8959296 0.16935864863749986
8959297 0.10080324659571137
8959298 0.2151227771316079
8959299 0.07100976480000018
8959300 0.032763424000000006
8959301 0.08748381188613295
8959302 0.1736689826621601
8959303 0.31451116688200026
8959304 0.09557065695164024
8959305 0.12923591113815208
8959306 0.0937276529819913
8959307 0.04942488250952799
8959308 0.0777726403867999
8959309 0.06659030702785607
8959310 0.2714702160979999
8959311 0
8959312 0.12073368951046003
8959313 0.21629927574220026
8959314 0.06417622676419998
8959315 0.08213360897090029
8959316 0.356224319999991
8959317 0.10249151043130011
8959318 0
8959319 0.4429327068000017
8959320 0.3787758771765013
8959321 0.0321158233066
8959322 0.2552097152326223
8959323 0.2800800502684604
8959324 0.2837737954400002
8959325 0.05465783482999998
8959326 0.019171
8959327 0.6327814677538854
8959328 0.6916462113898773
8959329 0.14705754099999999
8959330 0.12121952548520606
8959331 0.09389607600000001
8959332 0.0650958847773156
8959333 0.22456848596000006
8959334 0.11208896957540035
8959335 0.11647496584899666
8959336 0.08570287900000037
8959337 0.30755300379999895
8959338 0.008623150000000001
8959339 0.115821266012755
8959340 0.07373666705704467
8959341 0.2591644375999993
8959342 0.11760193539999993
8959343 0.08668692367650038
8959344 0.06111461061046
8959345 0.3429475712220493
8959346 0.030666539880275
8959347 0.05189084719999997
8959348 0.37088757943325035
8959349 0.08954118060000026
8959350 0.2662680850000001
8959351 0.04992293799999999
8959352 0.03717490511045999
8959353 0.30297548462586044
8959354 0.542297318532838
8959355 0.06488398612186003
8959356 0.08290886208379229
8959357 0.22520060575000012
8959358 0.12394784439999999
8959359 0.2960766694
8959360 0.9928059650000011
8959361 1.0080038789798875
8959362 0.5477720535752792
8959363 0
8959364 0.4496623265488686
8959365 0.5452797247998347
8959366 0.09631334099999998
8959367 0.1928448511717888
8959368 0.07059236698472798
8959369 0.33249129293620944
8959370 0.16383909900053997
8959371 0.01692277
8959372 0.2868679782539473
8959373 0.39597386775089355
8959374 0.47553775312501184
8959375 0.18006673513826213
8959376 0.2962579389224688
8959377 0.09613151196339478
8959378 0.05047097999999993
8959379 0.37841310276136425
8959380 0.36957609627974736
8959381 0.24173056200140963
8959382 0.054341499
8959383 0.205205846544
8959384 0.34659917009862046
8959385 0.026907808
8959386 0.3481640262650719
8959387 0.059963512391000014
8959388 0.01840781081046001
8959389 0.1610481659590036
8959390 0.2973625686335
8959391 0.9389917058999984
8959392 0.12370378005049992
8959393 0.3306511060000001
8959394 0.16802699600000015
8959395 0.8004417095044176
8959396 0.3333861925006248
8959397 0.22040656999999958
8959398 0.260702583
8959399 0.3944782785715906
8959400 0.17631075604952884
